2.197214
2.197213
2.197211
2.197208
2.197203
2.197197
2.197188
2.197173
2.197152
2.197129
2.197109
2.197072
2.197035
2.196969
2.196908
2.196810
2.196661
2.196510
2.196211
2.195862
2.195469
2.195132
2.194918
2.194494
2.193725
2.193014
2.191625
2.190979
2.191221
2.188327
2.188223
2.185647
2.183976
2.182567
2.179904
2.176241
2.176357
2.169461
2.169782
2.162915
2.157524
2.157373
2.150432
2.145077
2.141631
2.131107
2.125865
2.112696
2.103400
2.096729
2.080471
2.076534
2.049766
2.059153
2.008134
2.012827
2.003691
2.006937
2.008481
1.975521
1.942550
1.934751
1.891372
1.860194
1.841945
1.845993
1.859984
1.796944
1.760134
1.751296
1.738349
1.677154
1.673612
1.625114
1.594123
1.485790
1.472949
1.465340
1.343333
1.176860
1.300294
1.244492
1.265655
1.235198
1.207460
1.171409
1.308438
1.073426
1.170952
1.197135
1.041048
1.061529
1.051971
1.089359
1.020278
0.995498
1.084611
0.935132
1.035266
0.957659
1.038105
0.972922
0.943401
1.055754
1.056203
0.974095
1.037099
0.987123
0.914207
0.999861
1.014895
0.971647
0.935759
0.863517
0.816786
0.890238
0.821741
0.822211
0.925113
0.918617
0.759724
0.838967
0.923983
0.831652
0.766648
0.888949
0.842602
0.861567
0.896823
0.812004
0.809205
0.895903
0.850662
0.796732
0.717522
0.809796
0.785979
0.673070
0.776353
0.757941
0.842316
0.708503
0.693242
0.700704
0.799663
0.708369
0.682814
0.742369
0.774826
0.747123
0.788982
0.662224
0.697154
0.707734
0.761933
0.634049
0.682581
0.643147
0.593192
0.713008
0.735449
0.656923
0.720274
0.681663
0.705151
0.590696
0.581808
0.730819
0.592948
0.716429
0.682513
0.607987
0.766612
0.504156
0.556551
0.452258
0.584983
0.532957
0.672768
0.526763
0.613185
0.567418
0.662726
0.603337
0.654653
0.566881
0.701632
0.654150
0.609143
0.633314
0.623306
0.539158
0.714867
0.644390
0.538616
0.576313
0.565895
0.607123
0.662960
0.617519
0.567507
0.616481
0.614297
0.610206
0.622632
0.688219
0.709968
0.543550
0.553864
0.633076
0.575982
0.578143
0.625241
0.819282
0.566776
0.610425
0.601466
0.596585
0.639215
0.637147
0.668351
0.696447
0.597684
0.666320
0.708087
0.785289
0.682583
0.577955
0.600990
0.647342
0.723584
0.673331
0.575983
0.580185
0.649334
0.655571
0.546133
0.734049
0.657568
0.571996
0.668329
0.584744
0.614731
0.638377
0.588479
0.540473
0.557699
0.700916
0.621128
0.653609
0.669449
0.641448
0.611796
0.590811
0.670124
0.588033
0.571016
0.642609
0.603866
0.670789
0.511793
0.641132
0.592407
0.698283
0.594288
0.700263
0.687161
0.607011
0.607933
0.647563
0.537900
0.582853
0.520326
0.631315
0.629022
0.631007
0.567910
0.529537
0.625406
0.572051
0.703174
0.583989
0.528718
0.686931
0.703362
0.751504
0.630656
0.601424
0.484942
0.562121
0.584509
0.596296
0.512572
0.591587
0.582464
0.516143
0.577986
0.541523
0.560648
0.575561
0.498563
0.537468
0.720128
0.559883
0.624794
0.624567
0.650021
0.708768
0.714407
0.620409
0.625147
0.640884
0.624718
0.594579
0.743789
0.711047
0.650100
0.659139
0.682756
0.583522
0.569753
0.734261
0.591331
0.677248
0.538110
0.761100
0.573155
0.590600
0.596196
0.719318
0.726906
0.653065
0.631941
0.687780
0.754580
0.640498
0.645391
0.570563
0.597834
0.570843
0.666633
0.694675
0.679107
0.685024
0.706783
0.629866
0.642879
0.587161
0.782072
0.725984
0.605457
0.642913
0.668769
0.664338
0.656195
0.662709
0.723468
0.726121
0.699154
0.676509
0.626853
0.665815
0.742309
0.724506
0.783680
0.720497
0.788672
0.673759
0.781556
0.803867
0.694401
0.622015
0.652021
0.699179
0.776831
0.659069
0.656051
0.707683
0.721636
0.628637
0.647664
0.730642
0.666974
0.658814
0.687857
0.614462
0.709781
0.693966
0.727255
0.662393
0.643327
0.656270
0.664200
0.728589
0.665310
0.632130
0.557805
0.622492
0.537943
0.738116
0.527210
0.676850
0.596149
0.728402
0.709568
0.683102
0.652037
0.719442
0.690479
0.649727
0.705908
0.687271
0.532161
0.556333
0.633400
0.583855
0.716791
0.633381
0.672359
0.631765
0.490669
0.646357
0.680583
0.545081
0.553986
0.669068
0.608888
0.521745
0.620280
0.633661
0.663749
0.548934
0.599706
0.553599
0.607968
0.547979
0.642291
0.604587
0.619223
0.615047
0.565354
0.606262
0.597667
0.659699
0.533608
0.522390
0.626809
0.615608
0.520244
0.539737
0.589471
0.582095
0.604227
0.434275
0.498060
0.590579
0.615095
0.518792
0.531523
0.540785
0.638800
0.609304
0.547265
0.590349
0.565462
0.600187
0.609420
0.614056
0.600165
0.538539
0.601948
0.543066
0.552434
0.596262
0.625460
0.633369
0.660947
0.535779
0.704884
0.690442
0.450815
0.602878
0.626888
0.629172
0.518353
0.631980
0.535844
0.551815
0.595743
0.603584
0.552856
0.560264
0.619254
0.602306
0.528527
0.572100
0.620165
0.616750
0.599791
0.572053
0.592369
0.618955
0.627232
0.563156
0.524073
0.506704
0.764105
0.602683
0.558181
0.582698
0.655314
0.693154
