8.342261
2.964987
10.715610
8.467867
5.249002
3.245621
4.871551
2.959912
6.572410
10.383600
9.029189
7.431059
8.023981
5.560247
11.615948
7.908217
3.875023
3.624704
5.859809
3.227066
4.988609
4.394174
7.447563
8.242914
5.525331
8.463748
2.112091
2.160872
14.772390
3.809482
6.582836
7.064839
5.891494
9.688423
4.833065
6.774135
5.223242
6.819176
2.462402
1.592932
2.977608
5.190325
2.396829
5.218614
8.891791
9.590248
5.454236
3.965508
3.312433
7.049037
4.072527
9.910714
4.895470
4.695718
1.951584
6.877076
0.831572
9.475455
7.385294
8.366370
7.425310
6.070925
6.730320
4.248189
7.907559
9.919223
10.599703
6.017585
6.831406
4.841837
2.229865
7.400272
8.424285
6.558282
7.575426
0.367810
6.508610
4.400039
3.090438
1.506639
4.534629
7.152628
6.106401
5.358043
5.641907
3.342123
4.983470
1.850029
4.677667
7.385640
4.465713
2.111939
2.723260
3.288332
3.557055
2.901360
4.063465
2.015268
4.948342
1.128890
2.863403
3.512234
1.023980
8.142912
2.815188
-1.915004
3.188253
3.600591
2.351978
4.509134
4.005768
4.111615
4.300930
1.357365
1.334865
3.473812
3.221334
3.103612
3.590190
2.864920
2.155026
4.154818
1.162724
1.788906
0.095891
3.548615
1.137591
1.091944
4.205031
2.033479
3.057006
3.589110
2.116001
1.066265
0.637392
2.349023
2.061876
1.157243
1.624109
0.868912
0.834798
-0.579214
1.688317
0.758786
1.737260
1.745179
0.728949
0.636648
0.706708
2.509026
1.952272
0.814549
1.035360
1.071252
1.774816
0.148476
1.188783
1.712446
0.511279
2.146663
1.247104
2.190963
1.943149
2.843314
-0.164599
1.250691
1.956149
1.197085
1.138557
2.523934
2.612714
-1.569559
2.607928
1.445549
0.482583
0.155801
0.175301
1.582236
0.734702
0.675622
1.511467
0.641205
1.388244
-0.213252
1.753096
-0.016153
2.728692
0.066661
0.703094
0.646973
0.601536
0.861059
2.117583
1.880954
0.974663
1.764783
0.602048
1.521413
1.818417
1.493354
0.748874
1.216498
1.093931
0.165443
0.614573
1.246775
2.892311
0.513228
1.047062
1.208854
0.495546
0.069965
0.925499
2.069891
1.020385
0.467290
1.604839
0.796956
1.769837
1.839629
1.708760
1.473751
0.776549
-0.249785
1.127627
2.589047
1.617310
-0.113752
1.216496
0.611927
0.083551
1.311132
0.674937
0.896047
2.006218
2.108188
-0.302735
0.993535
0.395864
2.373063
1.504245
1.674814
0.181373
3.001828
0.769012
0.193405
0.531772
0.518377
1.211574
-0.213277
1.663549
2.218810
0.977485
-1.194691
0.504536
1.486187
-0.520462
1.269488
0.754708
-1.332228
0.438531
1.199100
1.857026
1.377879
-0.255518
1.098702
1.142688
1.342664
0.221184
1.996996
1.991801
0.400546
0.739044
1.660067
1.017095
1.626021
0.050842
0.761029
1.160400
1.570471
0.905037
2.085042
0.660088
0.865394
-0.430553
1.607447
2.370026
0.376838
0.315020
0.458736
1.485551
1.059124
0.159353
1.109502
0.529781
0.610629
0.000261
0.177509
0.845390
2.822986
1.022833
0.255524
2.471747
0.903325
0.395487
0.685092
0.194591
1.308719
0.351713
2.297431
1.373513
-0.826329
2.069701
0.961160
0.791548
0.256506
1.066279
2.329867
0.320184
-0.869779
0.998535
0.043662
1.131571
1.032712
-0.300256
1.492246
0.201622
0.577339
0.988343
0.591090
0.171121
1.450089
2.331259
2.279966
0.974983
0.808144
1.022796
0.977003
1.768907
0.713810
1.680510
0.688792
1.876584
0.166885
0.411993
0.126196
0.925782
0.573670
0.964673
1.978772
1.047555
1.954871
1.745364
1.541182
-1.083459
0.068662
1.187790
2.071340
3.201030
-0.151690
0.596265
-2.033923
0.431045
0.285140
-0.535529
1.956322
1.215780
0.544242
2.396552
0.017339
0.431692
1.225740
2.014080
1.697277
2.385177
-0.728405
2.180107
1.507569
0.277997
1.967267
1.001468
1.104758
0.927747
0.844194
0.332033
0.363855
1.351554
0.703882
-0.586363
0.987152
1.376014
1.711669
0.137617
1.885382
1.821303
0.849486
0.692182
0.247597
0.651736
0.966534
0.440052
0.972160
0.752257
0.346916
1.782071
2.144738
2.868954
1.458646
-0.514848
-0.034636
1.637100
1.963605
0.191712
1.545226
-0.206359
1.270044
2.514014
0.585382
0.029535
0.214769
0.460809
0.288042
-0.020328
-0.137938
1.146018
1.592097
1.903085
0.931446
1.068303
-0.334044
2.037397
1.029131
0.416190
0.634117
0.841243
0.803016
0.245638
0.944906
0.349093
0.413380
1.352945
0.365961
1.498146
0.543963
2.183342
1.297905
0.153605
-1.055779
0.603575
0.187900
1.051937
1.450241
-0.810987
0.524374
1.396031
0.252336
0.961515
0.012321
-0.904096
0.504323
1.463589
-1.354331
-0.761154
0.811547
0.769788
1.971415
1.938190
0.070799
0.161580
0.771256
0.401534
0.511386
1.276842
0.260252
0.632230
1.162753
1.326216
0.805960
1.779791
0.603884
1.242317
1.162849
0.217401
0.049748
0.355135
1.177069
0.140211
0.788130
0.560190
0.791101
-0.026035
1.443025
2.025620
0.392747
0.347534
0.929474
1.298002
2.823915
1.265519
-0.745951
1.140912
0.067218
1.339164
1.808267
1.187499
1.721917
-0.951659
0.926328
1.267544
-0.069395
1.465197
-0.773962
