18.313904
13.550398
30.470237
21.033384
15.121388
11.241923
9.738356
6.145458
18.516959
28.533926
21.947192
17.051876
20.579771
17.577865
33.178455
18.227343
11.662526
10.723477
15.933542
6.877749
13.389420
9.500618
15.974352
28.036238
31.661731
31.607102
8.199102
27.887886
56.413330
11.181072
27.686616
14.857848
14.604481
31.149565
16.173102
21.418833
23.863135
14.619004
7.148815
5.037361
17.638824
11.120125
7.165540
12.439814
22.254219
32.148125
10.281104
16.345990
6.952772
19.573876
12.760977
28.613943
12.683661
14.336531
5.346936
19.708014
4.882290
28.253259
21.008413
28.083682
19.357178
21.862896
19.413335
14.254431
26.617180
40.967534
47.613179
23.002822
24.996470
17.893517
12.681841
28.242686
32.282925
25.494424
43.841768
10.286840
30.700088
15.732032
16.731885
14.388499
26.445830
54.500605
34.449048
26.458281
34.772578
19.267045
26.585437
7.233828
21.459875
34.609290
26.974624
25.445027
13.644956
25.364595
29.168755
17.877231
18.165782
23.079346
26.248931
10.360120
12.638867
19.423452
17.981147
61.102539
14.786345
12.135903
18.725613
25.249739
19.850198
24.713345
22.278394
30.335996
28.353184
25.935393
9.531248
21.581335
26.623643
18.242053
22.565986
19.703064
18.494951
25.040708
14.035117
12.172971
10.008227
20.344052
12.379399
7.346769
23.566797
19.132014
28.545278
27.199397
12.996172
18.352830
23.924248
17.113518
18.359753
8.809528
13.135801
13.115291
12.685078
7.504052
14.131697
10.845698
12.330107
10.988243
11.456157
8.922965
10.947922
24.691304
21.454297
11.095957
18.186958
7.358400
18.021328
20.991460
9.501096
20.282898
10.586326
13.569480
25.725557
13.367284
19.748553
22.025552
11.468721
11.403534
17.283629
16.709100
11.414810
23.898306
17.542792
17.090754
18.705282
17.634495
14.279487
14.225376
8.329493
18.038502
23.444253
20.207833
11.653199
6.483594
15.949744
23.982087
14.939135
12.096407
19.948154
9.787868
9.453121
14.654658
16.413071
14.226559
15.067229
13.570503
11.647827
13.099247
13.320779
16.677336
11.441860
12.793884
9.033934
8.858102
6.296094
9.649872
11.040945
15.701432
24.141528
19.730343
14.673213
19.693252
8.718873
8.742172
12.941158
13.269036
12.372626
14.490330
28.642400
6.843829
10.659568
11.206306
18.403906
12.938893
9.722772
12.481769
11.261379
16.373003
16.988818
11.281576
13.050647
9.964611
17.590894
13.404778
7.672099
7.639477
19.982839
13.527380
11.559717
13.467919
12.319009
18.368783
13.536077
13.652588
12.594221
26.826157
9.613710
9.489285
9.720853
14.252775
10.488662
12.108705
12.727406
20.698687
11.557806
20.529609
8.013657
12.129727
12.743945
11.920518
12.622612
13.119189
8.321198
12.580645
17.456283
19.108591
11.004597
12.837729
7.765714
16.568704
10.777990
16.673005
17.287456
10.645059
9.713732
14.853468
12.640264
15.862891
8.083213
11.954543
11.338257
11.475542
8.508095
14.326776
9.479246
15.952050
6.581615
13.867028
20.183743
6.737449
15.487340
8.051147
8.211956
15.840933
12.488777
11.321970
7.944448
13.152620
9.356125
7.829282
8.560724
22.080964
14.663953
23.663079
18.191125
15.177487
8.522802
11.935730
5.747151
10.566246
9.543378
17.530435
14.215161
11.520502
17.798821
6.034452
8.824773
17.405664
8.807290
19.318198
8.274673
10.451893
15.960974
5.363844
11.683059
15.300107
16.050941
7.413068
10.090969
8.015339
8.503091
12.508691
9.983586
12.259058
19.603101
13.543174
9.318453
10.488667
8.061077
17.487932
21.417695
14.019243
16.550552
11.606367
16.018999
10.122314
10.270599
10.486501
9.019918
6.706410
10.800701
17.102878
10.897476
16.237793
8.451194
15.004569
12.501759
12.910791
14.220776
14.265878
29.398569
11.444919
10.681902
21.474209
11.729299
12.747920
14.085979
15.954282
8.071661
13.033928
17.953979
4.305623
8.712137
15.421953
14.722209
9.330770
17.812238
11.245862
17.198322
11.124298
10.673020
14.218733
12.281082
10.051976
7.868358
7.872494
7.255192
14.119889
17.008699
19.634464
13.959410
14.475582
12.422212
17.887368
9.149999
10.590852
10.463478
8.986971
16.387604
16.746875
6.619922
11.986536
8.622296
10.770153
16.492938
16.457998
20.147952
14.577205
29.933386
13.782949
7.506817
5.947665
10.606968
13.759727
7.116118
11.267212
9.301841
7.565259
14.641392
10.830466
13.492239
12.188341
5.681708
9.338408
7.440026
8.952445
16.551040
8.802081
22.005347
16.383989
14.461880
15.216068
12.661411
14.368965
11.947572
12.644124
9.346815
8.987385
13.269259
8.137434
12.353837
7.658561
11.445927
6.726000
16.885808
9.239796
18.245769
10.629963
16.032769
12.943552
10.073824
7.332954
18.655457
16.128777
11.798574
27.964666
9.868439
8.475936
9.900981
8.808924
13.794623
5.931289
7.955994
12.510861
17.155505
13.323019
9.160608
17.954645
23.644163
11.433413
9.256564
19.675427
9.494382
11.760630
12.223910
9.130875
6.781329
9.460251
9.054042
9.475187
14.516200
8.007516
9.740745
14.439999
7.723052
17.962263
8.927770
8.680566
11.976290
8.299468
10.786527
14.414686
7.459358
13.350953
15.346183
6.030131
8.062270
20.053870
14.965518
18.572474
12.718146
9.972300
12.482462
8.753161
7.703629
17.865742
8.996795
23.749163
12.371315
11.299963
10.147972
5.309432
12.296680
12.942410
