0.010049
0.030331
0.095826
0.187810
0.238454
0.303925
0.338350
0.379584
0.441024
0.466661
0.500338
0.528808
0.585491
0.658316
0.731924
0.771142
0.839378
0.895611
0.987870
0.982476
1.038176
1.047421
1.129363
1.233133
1.245346
1.257351
1.355752
1.369326
1.430196
1.378691
1.452463
1.549088
1.599596
1.688582
1.670849
1.747633
1.829108
1.866558
1.882733
1.949098
2.043174
2.157533
2.276412
2.288024
2.359821
2.478155
2.470548
2.572914
2.635246
2.672875
2.789868
2.905236
2.932297
3.024516
3.055355
3.249668
3.241026
3.258472
3.306579
3.524499
3.604568
3.562244
3.763656
3.799294
3.942079
4.082709
4.110188
4.205112
4.147151
4.423217
4.417819
4.464033
4.541203
4.686245
4.731882
4.898372
5.139267
5.078734
5.233940
5.256061
5.394900
5.435413
5.494989
5.634483
5.712905
5.900661
5.834134
5.955296
6.102525
6.180744
6.274324
6.265342
6.470271
6.500349
6.552373
6.715539
6.666166
6.906177
6.876774
7.060610
7.022076
7.161235
7.133671
7.288633
7.500221
7.379776
7.396358
7.606088
7.661628
7.716009
7.768208
7.758868
7.966782
7.899207
8.076245
8.104726
8.248697
8.235939
8.333969
8.403742
8.420902
8.498114
8.381731
8.652384
8.474233
8.775606
8.609160
8.895552
8.763663
8.685268
8.917920
8.875902
8.924258
8.978855
9.042462
9.119624
9.128912
9.215506
9.145042
9.130877
9.174512
9.141305
9.348478
9.273492
9.290339
9.179817
9.346266
9.379163
9.493257
9.546379
9.399054
9.454030
9.317035
9.345931
9.369871
9.450063
9.137750
9.660001
9.624397
9.521188
9.683071
9.465394
9.547758
9.620238
9.552860
9.677975
9.633368
9.490188
9.485295
9.582912
9.709557
9.426592
9.619735
9.743756
9.431039
9.740807
9.787923
9.721752
9.688206
9.680305
9.725532
9.772608
9.654526
9.707964
9.625548
9.617787
9.525129
9.724986
9.830326
9.794862
9.858259
9.864735
9.920431
9.771760
9.913975
10.002426
9.830086
9.713487
9.756858
9.868254
9.882047
10.047795
9.950590
9.961020
9.920334
9.663782
9.911514
9.830543
9.675336
9.839469
9.809752
9.530089
9.694355
9.778211
9.876328
9.814591
9.815814
9.705325
9.756721
9.868291
9.757447
9.955097
9.763500
9.752252
9.808904
9.759594
9.750247
9.767943
9.948574
9.770577
9.771123
9.766421
9.652476
9.604531
9.931002
9.782497
9.634347
9.768636
9.679732
9.744107
9.887691
9.632642
9.678913
9.804911
9.822095
9.731696
9.811345
9.847153
9.939590
9.805082
10.033399
9.879957
9.878940
9.937478
9.909841
9.843180
10.033625
9.903572
9.966048
9.956888
9.905711
10.084770
9.973135
9.837918
9.855033
9.944076
10.083444
10.136182
10.011080
9.883320
10.160048
9.933451
10.134400
10.020264
10.129864
10.283934
10.251152
10.186973
10.406025
10.127596
10.076804
10.287097
10.081894
10.068902
10.002723
10.188031
10.098069
9.946528
9.869025
10.080931
10.098035
10.194441
10.063470
10.302138
10.222532
10.216965
10.326852
10.293319
10.216740
10.454009
10.510334
10.352705
10.473672
10.254367
10.039025
10.186221
10.202273
10.044868
10.146186
9.930266
10.142548
10.192575
10.283158
9.925984
9.823015
10.253684
10.378823
10.204628
10.267385
10.127404
10.165922
10.125852
10.206842
10.035357
10.139033
10.248699
10.211300
10.144011
10.102665
10.038395
10.061523
10.259629
10.138491
10.083537
10.126161
10.184101
10.210588
10.079544
10.158690
10.033360
10.175405
9.884833
9.977581
10.183145
10.214080
10.110426
10.253030
10.226478
10.095474
10.227278
10.164353
10.230161
10.362877
10.356781
10.143281
10.182211
10.223514
10.112536
10.456450
10.196344
10.166801
10.034650
10.221535
10.275939
10.193732
10.366416
10.154258
10.085414
10.247102
10.088285
10.158628
10.145070
10.363490
10.120750
10.300194
10.141124
10.056439
9.982148
10.074676
10.259082
10.118320
10.202649
10.091488
10.203494
10.062647
10.129840
10.020047
10.173448
10.104580
10.242343
10.028721
10.222363
10.006670
10.161370
10.313750
10.195043
9.972398
10.149477
10.073552
10.164371
10.136480
10.300338
10.299611
10.069202
10.014865
9.914223
10.178266
10.084219
10.019557
10.025732
10.103839
10.245576
10.292913
10.188784
10.099607
10.105707
10.191863
10.141313
10.167439
10.245171
10.180971
10.091734
10.251178
10.214130
10.267470
10.253181
10.275105
10.350893
10.355217
10.217205
10.153708
10.251610
10.393766
10.354276
10.499944
10.366414
10.569506
10.552052
10.429192
10.441209
10.620900
10.469328
10.587461
10.461892
10.558965
10.614867
10.435559
10.326569
10.436406
10.231894
10.327908
10.474339
10.297060
10.357559
10.245216
10.498245
10.423517
10.260033
10.533473
10.504976
10.536569
10.312410
10.402965
10.302691
10.354617
10.246269
10.367601
10.303017
10.027487
10.204320
10.263283
10.069942
10.098352
10.296631
10.292813
10.449760
10.273673
10.364152
10.359880
10.643043
10.392797
10.616783
10.568595
10.664104
10.423718
10.355351
10.358127
10.432462
10.288133
10.202360
10.421683
10.436346
10.403624
10.418515
10.500861
10.598814
10.559678
10.784122
10.651649
10.613544
10.599152
10.626543
10.472906
10.586749
10.402955
10.695796
10.848763
10.743291
10.676780
10.624673
10.540508
10.527963
