0.413000
0.439000
0.436000
0.433000
0.424000
0.463000
0.452000
0.444000
0.435000
0.449000
0.434000
0.429000
0.449000
0.446000
0.453000
0.461000
0.421000
0.430000
0.447000
0.445000
0.449000
0.429000
0.450000
0.449000
0.436000
0.470000
0.423000
0.452000
0.438000
0.458000
0.429000
0.450000
0.425000
0.458000
0.424000
0.439000
0.438000
0.479000
0.407000
0.427000
0.429000
0.418000
0.426000
0.400000
0.434000
0.427000
0.420000
0.413000
0.415000
0.393000
0.409000
0.425000
0.429000
0.438000
0.413000
0.414000
0.394000
0.408000
0.393000
0.360000
0.409000
0.396000
0.392000
0.371000
0.387000
0.398000
0.367000
0.383000
0.363000
0.400000
0.332000
0.345000
0.366000
0.337000
0.345000
0.346000
0.363000
0.324000
0.347000
0.343000
0.333000
0.344000
0.308000
0.308000
0.323000
0.300000
0.312000
0.299000
0.323000
0.293000
0.311000
0.295000
0.316000
0.323000
0.295000
0.315000
0.337000
0.248000
0.299000
0.249000
0.273000
0.297000
0.285000
0.323000
0.281000
0.273000
0.285000
0.307000
0.287000
0.287000
0.292000
0.270000
0.302000
0.309000
0.304000
0.281000
0.288000
0.266000
0.284000
0.294000
0.282000
0.277000
0.286000
0.275000
0.285000
0.257000
0.259000
0.271000
0.273000
0.285000
0.303000
0.297000
0.259000
0.297000
0.268000
0.246000
0.286000
0.273000
0.292000
0.257000
0.277000
0.280000
0.285000
0.301000
0.286000
0.278000
0.279000
0.259000
0.310000
0.249000
0.288000
0.281000
0.288000
0.255000
0.272000
0.314000
0.268000
0.273000
0.250000
0.282000
0.253000
0.259000
0.263000
0.266000
0.299000
0.272000
0.269000
0.299000
0.265000
0.252000
0.270000
0.287000
0.289000
0.278000
0.237000
0.259000
0.284000
0.263000
0.280000
0.273000
0.247000
0.258000
0.272000
0.292000
0.259000
0.264000
0.260000
0.280000
0.273000
0.259000
0.254000
0.255000
0.277000
0.257000
0.278000
0.244000
0.251000
0.281000
0.295000
0.247000
0.271000
0.254000
0.250000
0.287000
0.290000
0.251000
0.291000
0.247000
0.251000
0.281000
0.295000
0.279000
0.293000
0.261000
0.251000
0.237000
0.240000
0.272000
0.268000
0.265000
0.256000
0.282000
0.280000
0.237000
0.274000
0.302000
0.258000
0.247000
0.254000
0.231000
0.278000
0.267000
0.250000
0.283000
0.319000
0.270000
0.268000
0.294000
0.265000
0.280000
0.289000
0.254000
0.271000
0.254000
0.258000
0.247000
0.280000
0.254000
0.245000
0.268000
0.260000
0.252000
0.253000
0.265000
0.283000
0.283000
0.278000
0.265000
0.283000
0.249000
0.268000
0.277000
0.257000
0.282000
0.231000
0.275000
0.246000
0.271000
0.257000
0.278000
0.282000
0.246000
0.293000
0.286000
0.266000
0.250000
0.251000
0.246000
0.245000
0.256000
0.256000
0.277000
0.241000
0.249000
0.254000
0.286000
0.254000
0.249000
0.282000
0.289000
0.248000
0.257000
0.253000
0.251000
0.265000
0.242000
0.226000
0.264000
0.265000
0.273000
0.255000
0.261000
0.270000
0.266000
0.255000
0.266000
0.251000
0.266000
0.261000
0.277000
0.249000
0.275000
0.238000
0.263000
0.270000
0.240000
0.278000
0.278000
0.277000
0.269000
0.244000
0.249000
0.242000
0.238000
0.251000
0.268000
0.233000
0.277000
0.244000
0.265000
0.293000
0.261000
0.272000
0.273000
0.238000
0.257000
0.269000
0.246000
0.278000
0.265000
0.240000
0.252000
0.249000
0.276000
0.261000
0.258000
0.272000
0.245000
0.282000
0.247000
0.255000
0.278000
0.236000
0.262000
0.255000
0.264000
0.248000
0.270000
0.250000
0.268000
0.238000
0.250000
0.240000
0.253000
0.264000
0.236000
0.264000
0.265000
0.272000
0.237000
0.261000
0.256000
0.230000
0.265000
0.226000
0.275000
0.254000
0.217000
0.247000
0.224000
0.239000
0.269000
0.259000
0.249000
0.252000
0.252000
0.263000
0.276000
0.252000
0.233000
0.265000
0.257000
0.245000
0.245000
0.268000
0.264000
0.281000
0.258000
0.225000
0.251000
0.270000
0.269000
0.245000
0.248000
0.224000
0.249000
0.244000
0.255000
0.258000
0.266000
0.252000
0.248000
0.233000
0.279000
0.312000
0.265000
0.254000
0.252000
0.279000
0.283000
0.222000
0.279000
0.276000
0.243000
0.289000
0.252000
0.256000
0.252000
0.228000
0.262000
0.247000
0.248000
0.216000
0.246000
0.228000
0.260000
0.257000
0.251000
0.264000
0.207000
0.248000
0.265000
0.241000
0.243000
0.256000
0.259000
0.246000
0.279000
0.270000
0.227000
0.236000
0.245000
0.243000
0.243000
0.243000
0.244000
0.271000
0.253000
0.265000
0.222000
0.240000
0.265000
0.270000
0.264000
0.242000
0.235000
0.225000
0.276000
0.268000
0.265000
0.232000
0.228000
0.217000
0.272000
0.226000
0.247000
0.246000
0.262000
0.220000
0.247000
0.236000
0.234000
0.225000
