2.197213
2.197213
2.197212
2.197211
2.197210
2.197208
2.197204
2.197201
2.197195
2.197188
2.197173
2.197161
2.197148
2.197116
2.197100
2.197051
2.197057
2.196949
2.196933
2.196879
2.196759
2.196705
2.196575
2.196401
2.196362
2.196008
2.196035
2.195450
2.195136
2.194804
2.194464
2.193887
2.193816
2.192015
2.192709
2.190374
2.189929
2.188177
2.188701
2.184630
2.183437
2.182683
2.180928
2.180167
2.174469
2.172500
2.169255
2.164434
2.156221
2.160557
2.148131
2.139528
2.138902
2.123796
2.117675
2.104951
2.092603
2.088067
2.089727
2.067004
2.057376
2.030499
2.033750
1.997282
2.005866
1.988635
1.953254
1.962019
1.919504
1.897235
1.887626
1.872153
1.871889
1.807703
1.798421
1.759357
1.767373
1.672351
1.714932
1.675767
1.655208
1.592714
1.637979
1.560759
1.490104
1.456847
1.477892
1.424192
1.425580
1.398253
1.368341
1.358247
1.330254
1.321926
1.250331
1.213574
1.233694
1.187385
1.257704
1.213413
1.133851
1.186286
1.092502
1.116755
1.089507
1.062511
1.013204
0.958732
0.950597
1.114503
0.986720
0.973822
0.889499
0.922480
0.869610
0.815973
0.851481
0.814720
0.956158
0.867336
0.885275
0.875873
0.994490
0.898192
0.870238
0.966768
0.960141
0.947925
0.943301
0.903067
0.946684
0.928500
0.927804
0.845336
0.796765
0.927504
0.808012
0.867030
0.871135
0.906109
0.950305
0.843639
0.950516
0.917075
0.815164
0.884055
0.710036
0.691919
0.752249
0.844460
0.769891
0.939864
0.785458
0.931294
0.756096
0.840029
0.829966
0.696535
0.880827
0.744587
0.772183
0.731322
0.791089
0.682724
0.758911
0.726822
0.687397
0.685742
0.702528
0.718362
0.736992
0.566239
0.724143
0.669989
0.797634
0.679358
0.763427
0.698296
0.623813
0.635089
0.620763
0.611804
0.707523
0.584791
0.704399
0.749481
0.719231
0.660459
0.635442
0.586690
0.548907
0.621758
0.593970
0.723831
0.596639
0.597064
0.707036
0.667213
0.611279
0.709746
0.730877
0.693283
0.726129
0.722727
0.622960
0.650158
0.644904
0.712165
0.655854
0.680023
0.590629
0.695454
0.891306
0.601706
0.610321
0.544596
0.590217
0.679965
0.717111
0.774080
0.712463
0.577711
0.657609
0.627426
0.681330
0.696008
0.630268
0.641333
0.595494
0.658800
0.610364
0.707501
0.719487
0.675693
0.743395
0.779257
0.633312
0.668512
0.713220
0.609480
0.685848
0.645628
0.664337
0.601487
0.675552
0.608819
0.702486
0.582792
0.634919
0.559648
0.682277
0.696292
0.624400
0.841110
0.670517
0.577334
0.614382
0.696587
0.730225
0.674994
0.643069
0.666481
0.694304
0.624798
0.661804
0.677744
0.718083
0.679956
0.683541
0.714452
0.640489
0.608673
0.709767
0.685652
0.623670
0.625968
0.621621
0.606607
0.730381
0.680999
0.628102
0.692093
0.678834
0.640932
0.695655
0.740820
0.672004
0.694793
0.787827
0.707256
0.778192
0.693225
0.691667
0.538594
0.686307
0.751376
0.712354
0.676621
0.752491
0.729997
0.611102
0.647766
0.659384
0.720377
0.653708
0.639066
0.784028
0.761931
0.623552
0.651334
0.684426
0.652560
0.815620
0.641329
0.692363
0.824043
0.703700
0.661821
0.665075
0.717610
0.742828
0.708792
0.715271
0.730487
0.735636
0.725609
0.755834
0.706073
0.758138
0.794571
0.757239
0.735410
0.712611
0.770399
0.709126
0.767474
0.737212
0.839627
0.835883
0.729131
0.780126
0.828394
0.857204
0.797579
0.739671
0.789335
0.808677
0.822230
0.718497
0.732614
0.805934
0.804425
0.727740
0.733919
0.826815
0.757348
0.872252
0.671919
0.650528
0.663543
0.666869
0.757421
0.688062
0.695064
0.709031
0.743378
0.692402
0.670133
0.681260
0.565170
0.648287
0.671548
0.627429
0.665840
0.640564
0.785171
0.688198
0.711562
0.701795
0.666910
0.665452
0.726848
0.634628
0.716571
0.736749
0.715667
0.752856
0.669005
0.642136
0.671060
0.647775
0.736429
0.718033
0.640957
0.755402
0.735403
0.698026
0.759736
0.722148
0.747175
0.611693
0.775492
0.630402
0.765110
0.680459
0.776885
0.681361
0.736368
0.681167
0.744881
0.774630
0.621497
0.639727
0.760094
0.788806
0.698993
0.757183
0.749011
0.717085
0.875363
0.729138
0.770686
0.689795
0.737772
0.731329
0.766824
0.792179
0.648868
0.785824
0.701101
0.710286
0.766033
0.787011
0.671501
0.792365
0.676007
0.744086
0.775154
0.819672
0.735612
0.717528
0.731068
0.812047
0.765194
0.746814
0.747333
0.829261
0.755547
0.646183
0.745592
0.776315
0.745825
0.784871
0.721224
0.685568
0.817920
0.715839
0.700793
0.699800
0.696958
0.767820
0.701196
0.715954
0.709412
0.681881
0.673497
0.647178
0.677330
0.706577
0.740950
0.680223
0.606286
0.531803
0.679879
0.605754
0.663141
0.562203
0.544311
0.607773
0.533830
0.657804
0.596097
0.615610
