11.125393
7.864827
12.655900
6.189276
12.215905
9.534237
5.061227
6.827617
5.751233
9.748497
5.627289
5.778965
5.999819
5.951877
4.640912
1.416334
9.164722
2.257077
5.247695
8.755098
4.495163
7.168060
2.702641
6.608682
8.493226
0.351751
9.133972
6.295739
4.971090
0.160814
1.621313
1.425237
8.147289
2.833280
7.451465
2.709551
1.443592
-0.398449
9.449680
1.715386
-3.248187
4.351917
3.626523
4.985246
1.639071
6.214926
6.602305
4.054170
3.135540
5.714996
6.450153
2.211814
4.868156
0.204793
3.891547
3.062613
-0.290152
6.267067
6.743687
8.099883
2.685531
3.802403
3.604032
3.578225
7.153466
2.110769
3.363398
6.129924
4.073908
1.038849
9.029846
5.047690
3.696775
3.027552
3.727122
3.415776
7.518464
3.839459
6.594600
4.286095
9.017375
3.801660
8.839016
5.632797
3.087897
4.015952
4.076521
5.425325
4.531886
7.437002
2.507164
3.018248
5.907402
4.388142
2.917863
4.612041
3.006010
4.861860
3.670426
6.354523
5.377684
3.895504
2.043807
4.788795
2.867187
2.726303
1.040603
2.121127
3.357674
3.127979
1.654441
3.366835
1.894384
2.525908
0.782953
2.803081
1.419811
2.390430
2.392692
0.880757
3.053901
1.223394
3.377943
1.486381
1.749645
2.657235
2.128811
4.905379
-0.484651
1.351200
1.795893
-0.136802
2.745190
1.135796
1.970048
3.725401
-0.367270
0.273869
2.462201
3.962506
2.449650
1.454690
-0.372567
1.694636
2.547086
3.565350
0.137881
0.969029
0.711175
3.162931
0.400966
1.758509
1.830707
3.492195
1.461449
1.011100
1.890046
1.850945
3.195011
1.030349
1.472420
1.699234
0.391124
0.769567
0.038298
0.824547
1.956953
-0.159429
0.492004
-0.144734
2.160998
-0.187675
1.009326
1.735830
4.578943
1.445903
0.156251
1.689577
1.259773
1.521280
-0.187165
0.577541
1.455190
-0.342578
2.156405
1.711547
1.170780
0.090260
-1.340849
0.838090
1.287245
1.183047
0.753504
1.663214
-0.260827
1.381241
1.887860
0.652273
0.047778
1.111621
1.836725
1.350495
3.616157
0.526535
1.123736
0.349553
-1.068697
2.658506
1.160327
0.653872
0.067832
0.052374
1.675289
0.619350
1.086952
1.509515
-0.565770
1.881906
0.527188
2.196637
-0.107491
1.502967
-0.343721
1.608452
-3.250172
-0.809428
-0.336462
0.494914
-0.071220
1.421865
0.001362
0.879006
3.124137
-0.281204
-0.984979
2.197229
0.144759
1.428869
1.996745
0.642102
-0.039190
-0.191588
1.396160
1.613929
0.221807
1.576061
-1.227052
1.282716
1.864590
0.981254
0.890255
2.361450
1.617605
1.786122
0.802951
2.122817
1.428108
1.402419
-0.817822
2.041392
0.584260
0.506129
-0.250606
1.413394
2.171362
-0.198729
0.561223
0.988833
-0.407614
0.396037
2.339639
2.681665
0.627174
0.523579
1.370382
1.744915
0.245097
0.421567
0.882176
0.919355
1.132869
1.145761
1.924628
-0.881911
0.117598
-0.279990
0.653238
0.850504
0.812878
-0.883944
0.630494
0.322138
0.682285
1.419983
1.453650
0.058308
3.329567
0.991095
1.074415
0.716141
0.384515
-0.799940
1.391442
0.565656
0.397800
0.751309
0.469882
0.584227
0.834758
0.426462
1.597621
0.512385
-0.139719
-0.640853
0.733906
1.063077
0.946161
0.269634
-1.088805
1.425613
0.853202
2.311860
2.284474
2.383901
0.147218
0.268949
1.918374
1.529141
0.625360
1.591767
0.411217
2.830366
0.826426
0.563416
2.604467
0.260254
2.857502
1.678503
0.193888
1.512204
1.706112
1.059765
2.336367
-1.930680
1.454877
0.613364
3.078939
1.571058
0.173227
1.602158
1.253852
2.330759
0.402202
1.351689
1.228109
-0.160718
-0.032453
0.766370
-0.039376
0.000034
1.775958
-0.931687
1.500789
0.639622
1.053950
1.560977
0.027192
-0.075878
-0.711385
0.214293
0.126823
1.404357
0.843573
0.796761
1.671264
-0.319450
1.269166
1.906420
1.966842
1.946094
0.355141
0.080849
2.035961
0.294142
-0.379663
-0.151366
0.507666
0.915041
2.077839
2.189725
1.051553
0.600389
1.930806
2.428260
-0.496926
2.257336
0.834117
0.228478
0.968224
1.019640
0.438860
0.424845
1.187523
1.817075
3.294244
2.256952
0.724194
0.975873
0.241326
1.140763
0.914086
1.641940
1.094318
1.210134
-1.248676
0.775293
2.015106
-0.084631
-0.093127
1.591709
0.666209
-0.206441
-0.230722
0.824483
1.417422
2.773324
-0.134570
0.691156
1.947543
0.875210
0.875037
-0.141727
1.631098
1.978100
0.877503
-0.173166
1.477962
0.151738
0.567193
1.889444
0.661870
1.421681
1.268276
-0.019092
-1.059320
1.363609
0.722649
-1.021944
-0.079064
1.099717
2.219116
1.306486
2.096320
0.269965
0.825203
-0.751741
-0.582366
-0.223286
0.834778
0.100886
2.011558
-0.648170
-1.865916
0.102377
2.321450
1.847468
1.168962
0.081334
0.788694
-1.104131
0.866709
2.196635
0.900596
0.981932
0.672861
1.124011
1.126711
1.185606
1.124532
0.283647
0.944961
1.738236
1.092322
