0.077409
0.097367
0.156012
0.225688
0.292067
0.339370
0.395250
0.470253
0.520015
0.565457
0.647274
0.688597
0.741481
0.766919
0.882362
0.853897
1.004487
1.045533
1.130382
1.183163
1.247887
1.265115
1.274072
1.319960
1.368629
1.382536
1.464054
1.482607
1.546561
1.572414
1.706210
1.684568
1.791781
1.769418
1.894150
1.897478
1.962458
1.909410
2.034639
1.974136
2.086287
2.135985
2.159837
2.234759
2.273863
2.300290
2.472137
2.458589
2.597904
2.648770
2.651562
2.699335
2.836844
2.641411
2.780050
2.889765
2.950709
2.945873
3.101507
3.186071
3.212335
3.299874
3.415145
3.369718
3.410348
3.532099
3.762744
3.659348
3.904978
3.823032
3.993389
4.115713
4.212106
4.253706
4.340288
4.432076
4.462671
4.589980
4.572685
4.727066
4.833865
4.900656
5.006254
5.096749
5.265997
5.320566
5.404844
5.548419
5.544458
5.678528
5.676574
5.873114
5.901328
6.033718
6.016113
6.136347
6.234469
6.474052
6.397269
6.609273
6.714426
6.683859
6.849911
6.707999
6.872212
7.075443
7.133702
7.144324
7.229911
7.194184
7.407691
7.568060
7.454738
7.705212
7.667600
7.756398
7.827400
7.906036
8.040009
8.034370
8.068734
8.146788
8.186080
8.216798
8.295637
8.436470
8.395387
8.570480
8.467801
8.404970
8.459543
8.620260
8.635770
8.544210
8.860342
8.822014
8.711737
8.649130
8.519052
8.870047
8.850271
8.867323
8.790363
8.817781
8.928060
8.983909
9.008619
9.272659
8.979278
9.070848
8.962333
8.874756
9.015079
9.223066
9.124309
9.109124
9.208385
9.277471
9.436911
9.223678
9.285487
9.421150
9.333362
9.367935
9.138230
9.437432
9.468973
9.289241
9.521920
9.506621
9.444482
9.443201
9.441516
9.375474
9.654785
9.635620
9.558312
9.714868
9.686110
9.549709
9.838149
9.708754
9.617377
9.697504
9.949892
9.985912
9.906816
9.842275
9.885969
9.782748
9.892810
9.911752
9.747023
9.906835
9.737883
9.776138
9.720025
9.735369
9.741393
9.947958
9.728301
9.847078
9.739402
9.673963
9.716225
9.928082
9.793798
10.084888
9.937686
9.970275
9.798779
9.870619
9.738920
9.982321
9.922402
10.103020
10.038697
9.894643
9.789450
9.809111
9.893784
9.792077
9.663424
9.969861
9.899444
9.744388
9.829869
9.843543
9.794498
9.823516
9.588105
9.691613
9.782761
9.555154
9.498247
9.822674
9.711334
9.522756
9.691835
9.546803
9.380704
9.597665
9.635349
9.729807
9.836418
9.795659
9.736904
9.620132
9.806746
9.538490
9.785246
9.864152
9.817679
9.753250
9.685596
9.751856
9.821434
9.988589
9.857860
9.986302
9.930043
9.877880
9.803116
9.865075
10.077848
10.021039
10.058357
9.879793
9.790118
9.670545
9.644438
9.819729
9.673676
9.750261
9.809802
9.877313
9.844013
9.841083
9.941040
9.930152
9.834260
9.881894
10.061285
9.970451
10.025973
9.829703
9.921228
9.976504
9.800470
9.764655
10.041039
10.014129
10.209305
10.083770
10.166626
10.107258
10.102297
10.043335
10.025628
10.021924
10.124470
10.055877
9.808973
9.886081
9.935558
9.908471
10.242319
10.020939
10.195236
10.022306
10.284187
10.123951
10.299965
10.034372
10.111516
10.348053
10.037480
10.226063
10.150627
10.120611
10.256269
10.395251
10.326779
10.373459
10.267844
10.108783
10.124680
10.036049
10.094810
9.906906
9.857773
10.040826
10.038877
10.081000
10.256754
10.113365
10.166018
10.243114
10.088734
10.066829
10.085119
9.975406
10.129888
10.005054
10.001361
9.998716
9.805096
10.037179
9.766763
9.947644
9.890711
10.000200
10.055841
10.031820
10.190834
10.143228
10.345747
10.154715
10.349112
10.265028
10.355332
10.300295
10.420682
10.192062
10.151795
10.277158
10.179279
10.223787
10.094783
10.320851
10.262147
10.258491
10.436813
10.323885
10.592766
10.356613
10.345336
10.573051
10.402796
10.536936
10.348484
10.325146
10.281123
10.502451
10.423985
10.349961
10.318346
10.186088
10.430470
10.410233
10.219906
10.238499
10.360849
10.176217
10.043407
10.149254
9.958429
10.055332
10.359324
10.201649
10.241172
10.279484
10.287970
10.272506
10.534248
10.300202
10.269067
10.435168
10.290172
10.443686
10.488362
10.517045
10.561641
10.239440
9.929072
10.294744
10.185183
10.340844
10.153804
10.203026
10.407826
10.146018
10.131129
10.290115
10.060239
10.175259
10.155205
10.142406
10.270857
10.138995
10.272765
10.325459
10.557179
10.447804
10.589052
10.374796
10.423984
10.435651
10.427343
10.672488
10.567086
10.398963
10.612066
10.590147
10.619861
10.470808
10.644846
10.567623
10.449922
10.757127
10.718435
10.798777
10.739902
10.872599
10.742846
10.841913
10.610799
10.751429
10.734186
10.884063
10.756215
10.807552
10.588017
10.609248
10.670221
10.771742
10.747772
10.436441
10.617905
10.639283
10.765879
10.845668
10.914916
10.733750
10.917283
10.971533
10.852761
10.861466
11.093264
10.849951
10.986801
10.977180
11.009856
