29.872102
18.853945
36.920522
17.351962
36.283662
23.173721
17.954492
15.904716
14.786880
23.511199
16.982556
22.284116
14.695085
11.848156
8.307811
5.275481
20.954590
8.521552
17.843462
23.368186
11.215283
16.348766
6.901362
13.483728
24.207107
4.949447
23.057729
21.093433
9.743269
5.624373
8.823088
5.990149
25.723247
6.306029
17.393121
11.629211
4.773339
12.941621
28.655488
7.880732
10.783003
9.910826
10.722039
17.860204
10.339761
20.210769
18.347280
15.053829
8.469338
17.190142
17.233850
10.867261
12.276636
7.685839
9.177480
10.785232
19.576091
17.036016
23.523735
25.029219
9.427498
10.786490
11.140322
14.088132
19.342371
13.795186
14.790679
14.153154
17.960420
9.393026
35.886167
12.575706
18.448414
7.297197
14.374401
22.245571
29.938481
12.766045
24.144832
26.913818
32.071758
12.750535
36.889878
20.948108
8.945455
13.917341
19.203950
23.527251
18.688389
31.378696
17.680471
23.612554
27.965845
18.031960
18.415913
21.853025
17.368036
34.728325
20.753369
33.911099
34.957959
26.682236
12.640901
36.049670
16.066467
13.635486
9.510579
14.897187
21.247261
15.238739
9.106304
26.932236
17.731428
33.931772
12.636543
13.864006
12.088345
20.567371
11.169888
14.461353
26.200737
11.152009
25.240708
13.562534
11.114979
15.518518
15.012395
30.907942
15.558621
10.919863
22.016860
9.272024
31.476375
9.205994
19.912294
34.484067
16.473617
11.988206
13.142268
23.317827
12.985814
14.362035
11.677007
10.297446
18.810208
21.956196
9.504343
18.078430
8.934598
17.644659
14.229294
20.223027
17.646855
28.269460
17.691980
11.705021
12.980612
12.356963
16.471479
5.673486
15.674739
9.749973
12.609724
14.686611
12.171923
12.394636
15.379509
18.000505
10.681084
8.473522
14.186467
14.965237
8.743114
13.784641
26.571321
13.183035
12.758262
10.989053
7.731210
10.741692
13.085634
20.480942
12.078398
11.593016
19.954531
19.371136
19.399263
10.359801
15.555933
6.244794
12.147426
18.084669
13.483657
14.005732
8.427498
15.192810
12.694965
8.216746
9.887072
25.153506
30.923965
13.456584
25.452490
13.522754
13.280878
11.939150
7.373392
19.551091
8.582438
10.738381
12.294934
9.327419
8.545162
20.643828
9.835049
11.392556
12.512880
14.400989
26.376812
15.070256
13.134890
15.237090
11.728123
12.237366
25.524160
11.331064
12.956228
10.705559
11.746816
15.098591
17.804006
18.533484
22.331863
13.790388
9.631272
15.899915
6.008157
13.758586
15.823918
7.837962
16.202087
14.019695
15.371028
17.392056
17.971029
17.737878
15.548374
18.373521
10.798499
17.885851
22.166406
12.173728
14.853010
17.167957
10.181947
21.782339
24.047822
13.048081
13.933887
14.610220
14.634390
8.360175
15.782518
8.037020
23.431062
17.947577
9.688108
6.747741
15.634092
8.479360
13.244899
17.151895
11.947374
11.522499
12.953966
16.369011
9.668336
14.270254
10.051279
10.494927
9.077912
11.614656
16.357236
7.254049
9.930977
9.024194
6.199705
10.708958
8.034319
20.056855
11.037568
9.699279
8.828859
11.795229
10.605952
16.466638
25.418445
8.408862
10.484485
9.600967
9.509265
13.062729
13.782888
8.679537
6.704249
12.389038
11.009219
11.798223
9.639573
10.458652
9.162944
10.864077
6.358081
8.047433
9.925989
13.358718
17.617112
14.464640
12.472424
8.079395
12.229609
16.580024
10.881251
17.522980
12.322960
7.557745
12.497373
11.789506
9.675521
9.859973
6.637141
15.261123
15.757423
10.123840
17.943242
10.538605
19.331873
12.328367
11.696655
12.468037
14.200327
8.839752
15.077886
11.656648
15.309590
13.804641
17.818123
7.760511
10.077916
19.132305
11.736609
11.735870
18.542068
11.796604
12.832544
9.240468
9.785869
7.321194
8.947078
12.229734
28.185967
10.687545
16.585262
11.027485
17.536823
11.952139
9.750922
14.051357
10.609307
5.154147
9.864254
9.670708
16.780505
8.998750
18.851646
9.886228
13.343436
13.156172
16.345542
12.875442
8.501858
9.230195
10.615559
11.567468
6.043171
9.582484
13.385234
7.443243
20.823135
12.954086
6.748676
8.782240
15.745670
25.115200
11.500312
15.358108
6.501177
6.759097
8.735886
7.446533
20.921228
17.140234
14.287922
10.259031
23.427104
12.028677
9.860735
11.868071
6.842787
7.111809
8.911982
12.256636
6.272789
8.194501
9.816112
13.324778
14.031647
7.131389
6.482614
21.204531
9.678419
9.320996
8.146310
13.728468
10.945869
15.671467
8.556064
13.890132
11.921588
8.471266
11.134330
8.545634
11.987813
10.905088
8.454821
15.304948
13.968396
9.616832
14.008737
12.105659
5.385125
9.910622
8.060627
22.228315
19.439592
6.005375
6.717429
12.570474
5.733557
12.108986
15.516687
10.801785
9.163136
11.105199
7.553221
9.618451
7.633680
9.364807
10.957058
8.878906
10.946626
10.592070
19.851522
9.098654
21.895854
12.353781
9.884858
6.378206
19.857107
11.077490
6.471778
19.405457
11.583691
5.702260
11.513728
9.980173
12.309031
13.353228
13.109426
9.934397
14.263369
15.498929
11.534606
