0.432000
0.470000
0.438000
0.447000
0.434000
0.437000
0.458000
0.442000
0.435000
0.438000
0.430000
0.452000
0.459000
0.436000
0.419000
0.457000
0.474000
0.435000
0.376000
0.425000
0.447000
0.434000
0.445000
0.439000
0.470000
0.437000
0.437000
0.416000
0.414000
0.417000
0.421000
0.406000
0.427000
0.423000
0.404000
0.402000
0.415000
0.415000
0.390000
0.389000
0.401000
0.408000
0.389000
0.385000
0.378000
0.391000
0.366000
0.387000
0.332000
0.372000
0.363000
0.356000
0.347000
0.378000
0.334000
0.337000
0.329000
0.317000
0.357000
0.295000
0.311000
0.311000
0.302000
0.300000
0.296000
0.309000
0.326000
0.291000
0.337000
0.252000
0.303000
0.322000
0.286000
0.328000
0.302000
0.262000
0.348000
0.318000
0.280000
0.287000
0.309000
0.291000
0.307000
0.290000
0.284000
0.303000
0.275000
0.290000
0.277000
0.289000
0.274000
0.291000
0.263000
0.286000
0.263000
0.288000
0.297000
0.271000
0.239000
0.238000
0.298000
0.266000
0.255000
0.286000
0.303000
0.279000
0.293000
0.266000
0.290000
0.268000
0.273000
0.258000
0.286000
0.265000
0.263000
0.267000
0.259000
0.278000
0.276000
0.283000
0.285000
0.264000
0.271000
0.279000
0.272000
0.244000
0.281000
0.274000
0.260000
0.268000
0.264000
0.279000
0.300000
0.270000
0.263000
0.269000
0.272000
0.300000
0.288000
0.254000
0.283000
0.242000
0.275000
0.275000
0.241000
0.237000
0.290000
0.274000
0.277000
0.265000
0.281000
0.259000
0.292000
0.278000
0.287000
0.252000
0.250000
0.278000
0.251000
0.277000
0.281000
0.254000
0.283000
0.243000
0.287000
0.282000
0.249000
0.281000
0.254000
0.252000
0.303000
0.282000
0.267000
0.275000
0.278000
0.277000
0.278000
0.259000
0.281000
0.274000
0.257000
0.276000
0.253000
0.263000
0.254000
0.271000
0.241000
0.259000
0.305000
0.283000
0.238000
0.274000
0.283000
0.253000
0.249000
0.278000
0.292000
0.246000
0.265000
0.288000
0.258000
0.275000
0.257000
0.280000
0.262000
0.246000
0.306000
0.268000
0.295000
0.271000
0.270000
0.267000
0.282000
0.263000
0.245000
0.277000
0.257000
0.285000
0.299000
0.267000
0.272000
0.249000
0.258000
0.248000
0.285000
0.294000
0.244000
0.246000
0.283000
0.278000
0.237000
0.235000
0.275000
0.275000
0.247000
0.259000
0.260000
0.258000
0.270000
0.268000
0.283000
0.287000
0.269000
0.276000
0.266000
0.274000
0.251000
0.237000
0.268000
0.275000
0.259000
0.293000
0.278000
0.234000
0.261000
0.257000
0.226000
0.240000
0.255000
0.308000
0.266000
0.271000
0.250000
0.234000
0.266000
0.250000
0.269000
0.261000
0.284000
0.252000
0.250000
0.271000
0.256000
0.282000
0.255000
0.312000
0.256000
0.259000
0.291000
0.255000
0.271000
0.271000
0.270000
0.253000
0.237000
0.262000
0.279000
0.273000
0.245000
0.260000
0.277000
0.293000
0.247000
0.262000
0.314000
0.295000
0.246000
0.256000
0.257000
0.248000
0.291000
0.244000
0.268000
0.263000
0.248000
0.249000
0.260000
0.253000
0.277000
0.266000
0.269000
0.236000
0.263000
0.236000
0.300000
0.288000
0.258000
0.262000
0.256000
0.251000
0.249000
0.230000
0.264000
0.231000
0.239000
0.264000
0.211000
0.245000
0.252000
0.248000
0.262000
0.263000
0.256000
0.248000
0.265000
0.265000
0.257000
0.244000
0.265000
0.296000
0.274000
0.255000
0.242000
0.241000
0.237000
0.269000
0.241000
0.254000
0.261000
0.243000
0.249000
0.251000
0.238000
0.243000
0.273000
0.235000
0.267000
0.262000
0.228000
0.232000
0.249000
0.249000
0.246000
0.258000
0.215000
0.246000
0.249000
0.222000
0.206000
0.245000
0.258000
0.210000
0.254000
0.259000
0.244000
0.253000
0.232000
0.236000
0.298000
0.238000
0.254000
0.256000
0.246000
0.220000
0.249000
0.241000
0.242000
0.206000
0.255000
0.224000
0.274000
0.227000
0.238000
0.219000
0.222000
0.255000
0.232000
0.268000
0.261000
0.225000
0.241000
0.261000
0.232000
0.230000
0.250000
0.224000
0.201000
0.253000
0.248000
0.234000
0.256000
0.269000
0.254000
0.238000
0.229000
0.263000
0.254000
0.218000
0.232000
0.216000
0.267000
0.251000
0.197000
0.223000
0.245000
0.236000
0.262000
0.269000
0.219000
0.234000
0.245000
0.219000
0.234000
0.261000
0.240000
0.230000
0.229000
0.224000
0.230000
0.229000
0.255000
0.254000
0.258000
0.239000
0.235000
0.211000
0.241000
0.212000
0.236000
0.237000
0.251000
0.243000
0.212000
0.236000
0.239000
0.240000
0.225000
0.239000
0.226000
0.251000
0.218000
0.235000
0.232000
0.251000
0.245000
0.228000
0.286000
0.249000
0.216000
0.242000
0.244000
0.234000
0.212000
0.248000
0.240000
0.261000
0.267000
0.238000
0.225000
0.210000
0.211000
0.229000
0.264000
0.224000
0.242000
0.243000
0.249000
0.239000
0.247000
0.237000
0.223000
0.258000
0.244000
0.209000
0.242000
0.261000
0.226000
0.238000
0.251000
0.272000
0.253000
0.236000
0.257000
0.225000
0.243000
0.244000
0.202000
0.237000
0.256000
0.253000
0.263000
0.256000
0.235000
0.213000
0.245000
0.211000
0.244000
0.229000
0.238000
0.242000
0.230000
0.243000
0.246000
0.236000
0.234000
0.229000
0.236000
0.206000
0.248000
0.260000
0.220000
0.246000
0.219000
0.204000
0.222000
0.236000
0.200000
0.240000
0.233000
0.234000
0.229000
0.228000
0.219000
0.211000
0.225000
0.239000
0.226000
0.249000
0.251000
0.234000
0.231000
0.212000
0.238000
0.239000
0.235000
0.221000
0.244000
0.258000
0.219000
0.210000
0.211000
0.234000
0.253000
0.223000
0.254000
0.238000
0.226000
0.242000
0.218000
0.260000
0.218000
0.223000
0.224000
0.251000
0.223000
0.239000
0.237000
0.235000
0.247000
0.230000
0.247000
0.222000
0.241000
0.223000
0.245000
0.255000
0.216000
0.222000
0.226000
0.228000
0.243000
0.242000
0.220000
0.230000
0.240000
0.249000
0.206000
0.245000
0.220000
0.233000
0.220000
0.208000
0.217000
0.285000
0.252000
0.218000
0.231000
0.213000
0.262000
0.233000
0.236000
0.218000
0.232000
0.244000
0.250000
0.213000
0.241000
0.234000
0.238000
0.257000
0.216000
0.245000
0.200000
0.202000
0.219000
0.249000
0.223000
0.243000
0.229000
0.236000
0.226000
0.202000
0.248000
0.239000
0.239000
0.234000
0.246000
0.208000
0.236000
0.233000
0.200000
0.222000
0.251000
0.243000
0.231000
0.230000
0.231000
0.233000
0.220000
0.199000
0.232000
0.217000
0.236000
0.243000
0.237000
0.244000
0.247000
0.223000
0.210000
0.214000
0.250000
0.225000
0.199000
0.227000
0.237000
0.236000
0.210000
0.195000
0.213000
0.238000
0.240000
0.217000
0.222000
0.206000
0.232000
0.231000
0.222000
0.207000
