2.197213
2.197212
2.197209
2.197204
2.197199
2.197183
2.197159
2.197140
2.197101
2.197046
2.196935
2.196849
2.196739
2.196527
2.196383
2.196035
2.195616
2.195038
2.194737
2.193860
2.192911
2.192872
2.190704
2.188375
2.186953
2.184995
2.182360
2.179842
2.176072
2.171085
2.167968
2.158769
2.156385
2.149902
2.142585
2.135463
2.122767
2.107158
2.108467
2.090031
2.086930
2.053944
2.056698
2.019390
2.011989
1.968307
1.975657
1.947298
1.926003
1.854583
1.825091
1.818048
1.781780
1.782690
1.754977
1.694675
1.619470
1.624134
1.599810
1.511249
1.521388
1.486820
1.378461
1.389883
1.359612
1.335738
1.209571
1.269586
1.118772
1.226889
1.163477
1.177022
1.095606
1.133878
1.124164
1.096168
0.992138
0.940334
0.973918
0.960426
0.927861
0.991742
0.913115
0.930909
0.889640
0.896029
0.963739
0.843359
0.759122
0.853507
0.744775
0.807501
0.853338
0.940385
0.804584
0.692878
0.775681
0.807137
0.761380
0.758634
0.783077
0.694019
0.763991
0.683189
0.685610
0.707001
0.694647
0.755648
0.627990
0.690087
0.549506
0.617494
0.532727
0.746229
0.549351
0.734473
0.525448
0.725774
0.695833
0.650008
0.739200
0.631244
0.671284
0.521153
0.615716
0.597774
0.635830
0.810625
0.652210
0.619717
0.597270
0.539645
0.623619
0.645157
0.613061
0.659597
0.618328
0.609019
0.646371
0.617755
0.606925
0.589932
0.657915
0.542245
0.566647
0.593808
0.595470
0.639217
0.487879
0.527475
0.580736
0.520388
0.612553
0.541311
0.524058
0.585133
0.612009
0.511704
0.654545
0.597688
0.635319
0.581879
0.618048
0.554176
0.546166
0.561310
0.536372
0.561890
0.550017
0.555435
0.540668
0.604602
0.562159
0.605548
0.646945
0.658771
0.578027
0.615080
0.636301
0.588452
0.649620
0.498401
0.574544
0.606295
0.621640
0.683694
0.739614
0.680298
0.617190
0.645310
0.720220
0.719559
0.703287
0.666912
0.805631
0.711052
0.659269
0.640383
0.697187
0.569451
0.728473
0.667953
0.656577
0.696206
0.691560
0.630545
0.660934
0.693507
0.746181
0.639860
0.736561
0.657393
0.727480
0.694157
0.803275
0.701297
0.859249
0.644936
0.739174
0.782272
0.686747
0.710676
0.791550
0.731930
0.700166
0.749677
0.751659
0.682049
0.657463
0.709802
0.818318
0.803841
0.699494
0.859746
0.803592
0.785460
0.773564
0.845744
0.768631
0.803479
0.805269
0.745192
0.767339
0.789863
0.678321
0.784431
0.779006
0.695826
0.767282
0.704580
0.722959
0.600637
0.720425
0.750846
0.770156
0.634942
0.654363
0.673871
0.699344
0.674172
0.775080
0.671010
0.758330
0.787173
0.748179
0.792407
0.703232
0.749025
0.678182
0.727872
0.733679
0.702889
0.747190
0.688997
0.827467
0.719746
0.713253
0.722492
0.674533
0.663498
0.708144
0.788958
0.784541
0.741987
0.659131
0.666828
0.632425
0.737197
0.761723
0.671508
0.715232
0.685083
0.653419
0.720963
0.683861
0.679251
0.726460
0.677800
0.706948
0.808154
0.664932
0.689369
0.755515
0.778429
0.726419
0.809326
0.723049
0.660116
0.773779
0.698777
0.701169
0.753828
0.710125
0.690099
0.734459
0.756858
0.691153
0.775854
0.687146
0.700984
0.576256
0.780849
0.665045
0.699225
0.623421
0.677556
0.653682
0.635921
0.666466
0.786897
0.588656
0.829662
0.666167
0.674983
0.729507
0.656834
0.725779
0.701550
0.706228
0.793156
0.685599
0.776417
0.753852
0.804016
0.697702
0.781015
0.620911
0.756401
0.664780
0.634357
0.650151
0.720716
0.643698
0.606247
0.659475
0.605014
0.661763
0.585730
0.669184
0.674381
0.616508
0.677819
0.660234
0.599369
0.555631
0.622060
0.809079
0.582429
0.642410
0.631631
0.714371
0.654107
0.684604
0.675991
0.596077
0.673796
0.599083
0.731659
0.649916
0.659735
0.642436
0.657258
0.625323
0.612221
0.651460
0.634851
0.701507
0.593012
0.642379
0.597955
0.588018
0.620484
0.643725
0.597701
0.576405
0.609586
0.701953
0.686859
0.685026
0.624490
0.630817
0.616185
0.679598
0.671896
0.631614
0.601081
0.633265
0.750987
0.695813
0.651750
0.670426
0.688018
0.692949
0.629351
0.643508
0.595201
0.623803
0.610838
0.633739
0.617148
0.682567
0.632971
0.607419
0.658895
0.557353
0.541241
0.586656
0.592648
0.560671
0.592438
0.561143
0.625273
0.619775
0.603431
0.607838
0.570429
0.648197
0.551644
0.593138
0.578624
0.501701
0.591061
0.578352
0.602021
0.668793
0.665682
0.612179
0.528231
0.673831
0.535519
0.614597
0.573246
0.554038
0.526561
0.524235
0.697612
0.549406
0.591841
0.622261
0.642021
0.619889
0.572766
0.492883
0.536608
0.582814
0.535353
0.585200
0.546009
0.548038
0.552115
0.635995
0.546683
0.571313
0.555523
0.542455
0.547014
0.528616
0.532127
0.536877
0.560417
0.532140
0.522436
0.496948
0.483046
0.511224
0.547986
0.544564
0.471848
0.530870
0.494661
0.507371
0.560592
0.504472
0.562433
0.554619
0.524919
0.591616
0.599924
0.634518
0.603294
0.569288
0.585068
0.499579
0.582130
0.585881
0.571803
0.571746
0.500618
0.533937
0.498924
0.504895
0.551476
0.512418
0.522114
0.614707
0.585947
0.475474
0.508735
0.526115
0.544656
0.484322
0.488961
0.486117
0.475996
0.493590
0.527129
0.508974
0.432936
0.489811
0.564342
0.512944
0.472279
0.468478
0.549363
0.496845
0.538017
0.511159
0.510806
0.480654
0.533073
0.510280
0.516024
0.378865
0.434759
0.426508
0.449877
0.426566
0.533660
0.500971
0.427924
0.487734
0.451677
0.532081
0.479854
0.534388
0.442979
0.463449
0.461189
0.443749
0.496672
0.353046
0.436622
0.461868
0.467139
0.470962
0.467068
0.542478
0.386298
0.468023
0.462529
0.423596
0.437269
0.491118
0.488937
0.462179
0.474904
0.380528
0.495392
0.470936
0.463387
0.424977
0.470618
0.510708
0.488672
0.462058
0.476808
0.527963
0.449061
0.418447
0.464877
0.561374
0.497052
0.509401
0.476113
0.572053
0.574255
0.479585
0.521713
0.514697
0.418983
0.490909
0.495247
0.485092
0.449626
0.474898
0.463339
0.452542
0.515363
0.485767
0.543443
0.535913
0.490972
0.555499
0.504703
0.519675
0.519235
0.505417
0.546607
0.521963
0.479259
0.532131
0.536121
0.548592
0.477505
0.495761
0.462765
0.457315
0.468424
0.481088
0.471608
0.464479
0.486936
0.434927
0.511375
0.431318
0.511726
0.441869
0.476317
0.449614
0.511688
0.493535
0.471547
0.468269
0.492586
0.479082
0.466787
0.496874
0.458147
0.479401
0.486824
0.511211
0.471027
0.491530
0.506583
0.486840
0.490884
0.576403
0.530130
0.526767
0.462416
0.412356
0.531701
0.450812
0.404487
0.437440
0.456391
0.477586
0.469567
0.412642
0.480060
0.488983
0.408558
0.500922
0.417544
0.487695
0.474402
0.472602
0.477856
