9.447713
0.996444
5.960266
5.766010
4.952872
4.114567
3.197305
3.462716
6.787775
4.907371
3.309955
2.890811
1.595648
2.448131
8.875820
1.971974
2.461835
5.767805
11.951854
9.977111
5.546356
11.237397
1.713311
0.623849
1.938452
4.777955
1.621256
7.296080
2.574972
2.388965
4.143604
2.653198
1.643985
5.957474
7.972102
6.625060
7.372951
1.963821
7.174271
4.383872
5.535021
-0.718926
7.439265
3.092001
7.783281
2.092598
6.673469
7.237361
11.604805
5.452636
3.284619
2.741462
5.659412
3.665287
5.138071
6.277899
3.237388
5.977203
3.142430
6.130304
4.715245
5.530184
7.399861
7.178590
7.113474
5.182131
1.550248
5.913146
2.646624
4.402383
3.057017
2.269749
4.090831
2.377281
2.548105
4.941095
1.221966
-1.137682
4.612184
3.265407
0.668859
2.790236
0.492128
4.264595
1.137407
0.274484
3.932322
0.855465
-0.167722
2.567196
2.066107
2.368142
2.445993
5.817037
2.948472
0.596299
1.316538
2.266687
1.857290
2.158246
1.050889
1.420048
1.639263
-0.057038
0.129658
0.848987
2.106772
2.497113
1.103552
1.993885
0.229095
0.444689
0.579628
2.265381
0.805837
2.548050
2.580760
1.287180
1.390992
1.248911
-0.091968
0.261991
2.739918
0.109660
0.596500
2.141500
0.577490
2.064203
1.354572
0.703617
1.118923
-0.028195
0.220040
0.964926
1.244178
0.772017
0.898686
1.301570
1.305469
1.610224
1.121317
0.512979
1.462056
-0.188790
1.494549
1.559022
1.506200
2.654739
1.116518
0.573159
1.337195
0.776107
0.723967
0.883434
0.761643
0.860993
0.596873
0.111819
1.863925
1.642119
0.775394
1.132700
1.843856
1.099228
-0.314056
-0.270526
0.953349
-0.688799
0.604043
0.468668
0.301003
0.938162
-0.480898
2.071032
0.802374
1.489605
1.084134
2.373646
0.599826
0.277776
2.406215
0.574193
1.956474
1.066585
0.430456
1.350353
3.359508
0.440265
-0.401093
1.946080
0.215413
1.862301
1.100328
2.631743
3.426662
1.517933
0.867327
0.031616
1.107720
-0.923153
0.833579
1.922605
1.674460
0.146642
0.291839
0.289893
1.791919
0.412536
1.859422
-0.052951
1.436102
-0.441609
1.569761
1.075706
2.248108
0.422971
2.027758
0.358028
1.380833
-0.779317
0.724619
1.643237
1.390929
1.971656
-0.318417
2.160567
3.193152
0.503532
1.315956
0.833738
0.906932
2.570809
0.540005
3.544193
0.548053
1.036374
0.561342
1.503158
2.593046
2.557437
0.727765
-0.018407
2.209265
-1.042319
1.791088
1.933155
2.494896
0.913278
0.694746
0.842292
0.146730
-0.522556
2.048784
2.246653
1.691101
0.201238
1.449797
1.305200
1.376082
-1.091769
-0.130054
0.409555
0.441907
1.327383
1.438296
1.091457
2.747259
1.628553
1.598912
-1.521365
1.550932
0.887153
0.038085
-1.245210
2.582202
1.025731
1.298899
-0.577945
-0.377666
