28.686277
7.092208
18.506978
12.994614
18.913154
9.062344
10.153913
10.085892
14.641036
11.211509
10.477668
8.856661
5.558957
9.392841
20.426530
6.800913
16.365392
16.995828
33.913447
40.535027
12.178970
32.788887
8.015142
6.184257
7.497113
11.849592
5.522572
19.469841
4.916094
8.055374
24.658354
6.000824
6.108379
24.019497
17.327235
16.275542
16.172720
6.873114
19.995789
13.316564
11.446470
7.277003
23.065117
9.424808
23.213994
10.933334
26.450613
17.991680
42.852646
16.649155
8.527941
10.244775
19.754430
10.244429
19.705103
24.075312
12.009160
17.384641
12.030127
34.182056
17.804329
21.053325
34.511663
29.045432
32.103103
21.555059
23.710649
26.971873
12.084598
21.057935
15.593231
12.686499
22.977690
9.647226
11.501667
32.725439
6.704377
14.549158
28.733914
23.858086
10.839181
16.441835
6.485256
40.131255
12.909006
10.311160
35.475525
8.725675
8.978821
22.220903
15.498010
20.070947
13.702504
37.545332
24.383906
11.510168
21.352803
14.797053
16.879406
23.833154
10.755037
21.479829
15.989802
7.343070
9.712244
17.481232
22.632949
15.587767
9.759651
18.693481
10.764517
14.537947
10.837701
20.715010
8.928448
22.170962
21.448765
15.727490
8.985273
18.652384
12.626335
9.964136
20.447490
8.723684
11.102463
19.615502
17.196014
23.577354
18.026519
11.591155
10.313363
8.592186
17.879161
14.210470
15.082454
14.614041
16.890311
10.303715
6.899081
15.731215
26.595728
16.231897
17.604053
30.837593
14.377244
18.079547
18.774664
22.823223
11.407888
8.790492
16.296163
13.539413
10.993068
11.781624
19.760226
12.814463
8.095328
11.697473
14.705165
10.339199
13.243762
13.055081
13.960228
17.299045
12.814661
10.780281
12.844578
19.106639
9.350615
10.474401
11.088273
7.456536
15.961279
23.485701
7.905043
11.783657
9.663611
17.406675
10.295244
8.521463
19.224558
9.143468
15.423945
12.833286
9.509418
10.010134
29.777043
10.666340
9.935696
22.644336
11.159233
18.421775
11.164507
20.245850
27.243481
8.998096
9.121755
10.335543
12.645566
27.798157
11.400391
12.580062
14.579866
9.118035
14.688304
8.375030
16.542250
10.088983
18.753206
14.505784
9.446696
14.792271
14.491831
8.211608
17.221140
10.586591
12.677739
8.146558
10.495077
8.661452
10.169331
10.797148
9.077855
11.787113
18.288440
15.381787
21.540837
11.237424
11.778989
12.879858
15.223086
17.873738
10.112004
20.265120
11.262954
25.866594
8.481902
8.124464
20.419547
13.289844
7.598099
13.161479
14.305121
8.148911
12.306921
20.815691
24.222693
11.983772
9.613527
9.705206
11.044154
15.356979
13.354430
26.678936
14.691067
10.631483
17.542008
10.326094
17.511967
9.561787
11.374998
10.716636
9.479052
9.174604
15.975906
15.011526
15.088108
10.340232
9.035626
14.297980
9.755305
14.931654
10.732537
10.463939
13.790444
9.468746
12.664719
9.731140
8.801691
16.519041
13.168699
22.590923
16.027495
13.087109
9.850081
9.656695
13.637109
17.955308
12.947455
18.880316
13.367295
23.038813
13.498987
8.611470
9.757986
9.936489
16.230281
10.558506
14.183226
11.480623
13.361599
17.389639
7.000701
13.003602
19.106807
8.725662
14.088455
11.542344
21.649380
9.788551
7.769932
19.042961
10.165237
8.745181
14.526028
7.297373
11.687659
12.144797
9.788792
5.081021
9.840975
9.437281
14.613308
13.100845
6.369443
7.685912
27.075298
7.518298
16.442085
11.713225
7.867117
13.890984
9.505370
14.411042
7.133518
5.179164
28.346187
10.076910
6.197547
9.164976
15.618479
15.864146
10.797175
10.485564
5.115939
6.678287
18.401346
8.968246
6.888375
6.831376
9.223367
10.001963
8.660941
10.416985
7.937025
12.172327
10.709388
9.994138
11.510120
7.553132
6.218805
6.358610
8.744810
4.934131
15.763356
9.506890
10.892893
10.362543
8.421483
8.152573
8.798367
13.884070
7.725410
7.324465
7.179937
16.304978
20.598027
13.940530
8.551003
8.277617
7.224885
10.901112
9.248578
11.331221
6.344615
12.096232
12.834221
16.325640
12.714929
7.606481
14.974525
10.774735
11.835985
15.168608
10.338550
14.554255
9.820865
12.675591
11.449824
11.485056
9.353144
15.506171
16.970479
7.641536
7.831427
5.225167
17.346771
11.166562
18.602666
8.239904
9.836579
8.483469
4.848222
6.436923
8.579847
9.792262
11.796406
11.107620
10.351603
11.275288
7.537765
8.972314
8.451145
17.176882
10.133365
24.410703
8.385168
19.545892
8.190756
6.931707
11.137230
10.409458
7.714917
8.605436
13.979375
9.300507
5.767755
5.173566
14.208561
9.074886
5.605850
6.710886
11.280288
7.671979
10.002995
5.230437
10.324563
9.771981
8.538541
7.699032
8.098051
5.235151
6.805645
6.999805
9.697710
12.151874
10.469147
9.300033
16.684563
12.029312
13.084800
11.437056
13.892061
7.236246
10.101006
7.473405
11.699526
8.067736
9.386137
6.860829
8.036531
7.071882
14.980405
14.250315
5.771159
10.489897
9.816515
14.909623
8.413571
10.662064
16.190736
7.180536
8.112072
12.622993
10.105854
10.450331
12.335023
15.212847
13.423761
7.031786
18.455547
15.359977
7.988116
8.075792
7.777266
9.140811
11.390732
12.847599
7.707514
6.914554
8.574185
10.307570
14.672780
10.981714
8.078739
9.082168
6.965642
11.518647
13.855361
6.850577
7.257227
7.968016
13.105917
10.030596
11.675662
9.527703
6.247664
11.611909
7.638873
5.421033
11.784646
12.723962
8.315310
8.211595
8.650114
16.672384
8.951748
7.080496
11.589316
20.625457
8.358212
9.573253
10.768899
8.056716
12.152894
15.712194
18.284373
13.062148
7.212329
9.481339
8.844636
5.403228
12.630088
7.404229
9.466975
9.045965
7.280662
12.245120
17.744608
8.370471
7.987661
17.497786
5.929989
7.329495
17.472043
11.112258
4.745547
16.566890
6.641408
12.558015
10.352644
8.311504
5.083829
7.744030
9.313955
7.115684
8.374790
9.093517
7.531564
8.641267
9.523704
13.601382
11.554351
21.884897
5.849078
13.063188
13.982744
10.098974
11.093875
6.545682
5.610389
8.930719
14.545833
12.273273
7.145931
5.206082
7.643060
11.193754
5.106395
7.605967
17.303796
7.840084
12.157786
9.077303
5.636992
8.076783
15.470934
19.777845
10.001477
10.728254
8.511310
14.365339
13.149702
14.630906
7.862577
9.986595
8.852007
15.109707
14.462855
11.966489
8.349951
7.690701
6.592065
9.068978
7.578144
21.519517
6.228079
6.209415
8.020695
7.329545
8.566156
7.905549
12.243499
12.210671
6.484219
12.090508
14.298689
11.985688
5.481049
7.874225
15.310907
8.811456
10.179202
10.493715
14.896200
5.953854
8.270170
7.108270
12.371970
5.660251
6.321005
7.675720
10.836128
6.643782
24.121345
5.134385
7.500004
10.167059
12.091357
10.380964
14.794451
11.297996
16.321025
8.729213
6.473290
7.171484
15.935500
12.591895
18.907240
7.890784
8.234473
6.358699
16.282678
6.170212
6.796489
12.279082
7.226763
9.795304
11.142775
6.933375
10.484607
14.472573
6.966055
12.493210
8.801501
12.408904
14.926846
6.360925
