0.157245
0.219542
0.268937
0.322798
0.391574
0.462258
0.548654
0.618241
0.662277
0.706234
0.812215
0.877467
0.926559
0.998679
1.090582
1.172560
1.177869
1.230567
1.340308
1.401713
1.489419
1.550612
1.577968
1.686834
1.730412
1.831971
1.885674
1.982070
2.088898
2.139069
2.155998
2.312119
2.364213
2.442800
2.546618
2.555947
2.584496
2.652217
2.750665
2.862396
2.919729
2.994114
3.138988
3.197500
3.289256
3.320488
3.493747
3.589660
3.704871
3.736780
3.918502
4.033760
4.200325
4.305330
4.404941
4.516345
4.608450
4.699450
4.629640
5.026961
5.095571
5.285297
5.387161
5.604236
5.624234
5.774060
5.906164
6.160732
6.104985
6.334074
6.342554
6.360806
6.609595
6.528316
6.773320
6.981451
6.707015
7.050750
7.195520
7.216994
7.353516
7.447529
7.499247
7.589600
7.718990
7.844321
7.962650
7.839366
7.994718
8.005610
8.218715
8.084387
8.300234
8.143557
8.401166
8.445969
8.455678
8.634870
8.757579
9.029285
8.829353
9.022696
8.961521
8.995677
8.817051
9.036239
8.877047
9.053211
8.933367
9.246067
9.188463
9.356535
9.269489
9.304093
9.549853
9.340873
9.383386
9.337883
9.398466
9.551055
9.545403
9.689096
9.592805
9.569168
9.652105
9.676112
9.508836
9.595271
9.562451
9.557510
9.620080
9.595980
9.338854
9.671970
9.592129
9.597057
9.590263
9.573286
9.567668
9.696191
9.585207
9.749838
9.649545
9.452129
9.726527
9.885221
9.462024
9.461011
9.645842
9.692143
9.591734
9.751836
9.565137
9.484785
9.519549
9.630161
9.629270
9.592308
9.843215
9.737523
9.828834
9.890217
9.721473
9.682721
9.665350
9.783116
9.953781
9.912273
10.010566
9.964600
9.799424
9.689395
9.637101
9.669197
9.630651
9.639902
9.688511
9.674552
9.514209
9.657260
9.740602
9.666897
9.788239
9.725595
9.957088
9.747930
9.924548
9.860340
9.578500
9.587920
9.857871
9.604908
9.633739
9.656199
9.679371
9.850064
9.657790
9.837783
9.730672
9.553424
9.660603
9.660723
9.639684
9.576880
9.691430
9.754626
9.504853
9.671725
9.401673
9.632310
9.560066
9.592341
9.563156
9.603875
9.737232
9.725182
9.753592
9.610705
9.656139
9.671714
9.637386
9.775492
9.817134
10.008558
9.646369
9.717818
9.997350
10.055282
9.800483
9.956861
10.223475
10.189177
9.997412
9.985689
10.182163
9.960083
10.040533
9.892869
9.850585
9.852956
9.819749
9.906242
9.962176
9.918439
9.918168
9.806381
10.047113
10.101337
9.987787
9.932229
9.928370
9.849822
9.935885
10.114498
9.977833
9.980502
10.260415
9.971263
10.085599
9.738549
10.041279
10.040596
10.074465
10.177649
9.972309
10.162217
10.097943
10.156412
10.108301
10.224291
10.087961
9.943183
10.157500
10.229772
10.227598
9.949562
10.243893
10.095271
10.077998
